background:
grass.png

grid:
0 0 0 0 0 0 0 0 0 0 0 0 0 0 0 0
0 0 tree1 0 0 0 0 0 0 0 0 0 0 0 0 0
0 0 0 0 mage 0 0 0 warrior 0 0 0 0 thief 0 0
0 0 0 0 0 0 0 0 0 0 0 0 0 0 0 0
0 0 0 0 0 0 0 0 0 0 0 rock1 0 0 0 0
0 rock1 0 0 0 0 0 0 0 0 0 0 0 0 0 0
0 0 0 0 0 0 0 0 tree1 0 0 0 0 0 0 0
0 0 0 0 0 0 0 0 0 0 0 0 0 0 0 tree1
0 0 0 0 0 rock2 0 0 0 0 0 0 0 0 tree1 tree1
0 0 0 0 0 0 0 0 0 0 0 0 0 0 0 0
0 0 0 0 0 0 0 0 0 0 0 0 0 0 0 0
0 0 0 tree1 0 0 0 0 0 0 0 rock1 0 0 0 0
0 0 0 0 0 0 0 0 0 0 0 0 0 0 0 0
0 0 0 0 skeleton 0 0 0 goblin 0 0 tree1 0 skeleton 0 0
0 0 0 0 0 0 0 0 0 0 0 0 0 0 0 0
rock2 0 0 0 0 0 0 0 0 0 0 0 0 0 0 0